Level	HP	Atk	Def	SpA	SpD	Crit Rate	CDR	Lifesteal	Atk Spd
1	3000	140	52	20	36	0 	0 	0 	10.00 
2	3107	157	59	23	41	0 	0 	0 	10.71 
3	3224	175	67	27	47	0 	0 	0 	11.49 
4	3353	195	76	31	53	0 	0 	0 	12.35 
5	3495	217	86	36	60	5 	10 	5 	13.29 
6	3651	241	97	41	68	5 	10 	5 	14.33 
7	3823	268	109	47	76	5 	10 	5 	15.48 
8	4012	298	122	53	85	5 	10 	5 	16.74 
9	4221	331	136	60	95	10 	20 	10 	18.13 
10	4451	367	152	68	106	10 	20 	10 	19.66 
11	4704	407	170	76	118	10 	20 	10 	21.53 
12	4983	451	189	85	131	10 	20 	10 	23.21 
13	5290	499	210	95	146	10 	20 	10 	25.26 
14	5628	552	233	106	162	10 	20 	10 	27.51 
15	6000	610	259	118	180	10 	20 	10 	29.99 