Level	HP	Atk	Def	SpA	SpD	Crit Rate	CDR	Lifesteal	Atk Spd
1	3000	168	50	20	35	0 	0 	0 	15.00 
2	3062	171	53	21	37	0 	0 	0 	15.98 
3	3136	174	56	23	39	0 	0 	0 	17.16 
4	3225	178	60	25	42	0 	0 	0 	18.57 
5	3547	192	75	32	52	5 	10 	0 	21.77 
6	3675	198	81	35	56	5 	10 	0 	23.82 
7	4259	223	108	48	75	5 	10 	0 	29.25 
8	4444	231	117	52	81	5 	10 	0 	35.18 
9	4665	241	127	57	88	10 	20 	0 	35.7 
10	4931	253	139	63	97	10 	20 	0 	39.92 
11	5250	267	154	70	107	10 	20 	0 	44.99 
12	5632	284	172	78	119	10 	20 	0 	44.99 
13	6091	304	193	88	134	10 	20 	0 	44.99 
14	6641	328	219	100	152	10 	20 	0 	44.99 
15	7302	357	250	115	174	10 	20 	0 	44.99 