Level	HP	Atk	Def	SpA	SpD	Crit Rate	CDR	Lifesteal	Atk Spd
1	3250	125	80	20	64	0 	0 	0 	10.00 
2	3352	132	87	22	70	0 	0 	0 	10.67 
3	3469	141	95	24	77	0 	0 	0 	11.43 
4	4064	185	136	36	110	0 	0 	5 	12.31 
5	4219	196	147	40	119	0 	0 	5 	16.32 
6	4398	209	159	44	129	0 	0 	5 	17.48 
7	4603	224	173	48	140	0 	0 	5 	18.82 
8	4839	241	189	53	153	0 	0 	5 	20.36 
9	5111	261	208	59	168	0 	0 	10 	22.13 
10	5424	284	230	65	185	0 	0 	10 	24.17 
11	5784	310	255	72	205	0 	0 	10 	26.52 
12	6198	340	284	81	228	0 	0 	10 	29.22 
13	6674	375	317	91	254	0 	0 	10 	32.32 
14	7221	415	355	102	284	0 	0 	10 	35.89 
15	7850	461	399	115	319	0 	0 	10 	39.99 