Level	HP	Atk	Def	SpA	SpD	Crit Rate	CDR	Lifesteal	Atk Spd
1	3225	150	100	50	70	0 	0 	0 	10.00 
2	3319	152	107	55	75	0 	0 	0 	10.29 
3	3432	154	116	61	81	0 	0 	0 	10.63 
4	3568	157	126	68	88	0 	0 	0 	11.04 
5	4060	168	163	95	114	0 	5 	0 	12.54 
6	4256	172	178	106	124	0 	5 	0 	13.14 
7	4491	177	196	119	137	0 	5 	0 	13.86 
8	4773	183	217	135	152	0 	5 	0 	14.72 
9	5769	204	293	190	205	0 	10 	0 	17.75 
10	6175	214	324	212	227	0 	10 	0 	18.98 
11	6662	224	361	239	253	0 	10 	0 	20.46 
12	7247	238	405	271	284	0 	10 	0 	22.24 
13	7948	252	458	310	321	0 	10 	0 	24.37 
14	8790	270	522	356	366	0 	10 	0 	26.93 
15	9800	292	599	412	420	0 	10 	0 	30.00 