Level	HP	Atk	Def	SpA	SpD	Crit Rate	CDR	Lifesteal	Atk Spd
1	3278	130	40	40	60	0 	0 	0 	10.00 
2	3427	134	44	52	65	0 	0 	0 	10.22 
3	3598	139	48	66	71	0 	0 	0 	10.47 
4	4467	162	69	138	102	0 	0 	0 	11.76 
5	4694	168	74	157	110	0 	5 	0 	12.1 
6	4955	175	80	179	119	0 	5 	0 	12.49 
7	5255	183	87	204	130	0 	5 	0 	12.94 
8	5600	192	95	233	142	0 	5 	0 	13.45 
9	5997	203	104	266	156	0 	10 	0 	14.04 
10	6454	215	115	304	172	0 	10 	0 	14.72 
11	6980	229	128	348	191	0 	10 	0 	15.5 
12	7585	245	142	398	213	0 	10 	0 	16.4 
13	8281	264	159	456	238	0 	10 	0 	17.43 
14	9081	285	178	523	267	0 	10 	0 	18.62 
15	10000	310	200	600	300	0 	10 	0 	19.99 
