Level	HP	Atk	Def	SpA	SpD	Crit Rate	CDR	Lifesteal	Atk Spd
1	3250	170	100	20	70	0 	0 	0 	10.00 
2	3412	180	113	23	79	0 	0 	0 	10.71 
3	3590	191	127	27	89	0 	0 	0 	11.49 
4	3786	203	143	31	100	0 	0 	0 	12.35 
5	4001	216	160	35	112	10 	0 	5 	13.29 
6	4238	231	179	40	126	10 	0 	5 	14.33 
7	4499	247	200	45	141	10 	0 	5 	15.48 
8	4786	265	223	51	157	10 	0 	5 	16.74 
9	5103	285	249	58	175	20 	0 	10 	18.13 
10	5452	306	277	65	195	20 	0 	10 	19.66 
11	5836	330	308	73	217	20 	0 	10 	21.35 
12	6259	356	342	82	241	20 	0 	10 	23.21 
13	6724	385	380	92	268	20 	0 	15 	25.26 
14	7236	417	422	103	297	20 	0 	15 	27.51 
15	7800	452	468	115	329	20 	0 	15 	29.99 
