Level	HP	Atk	Def	SpA	SpD	Crit Rate	CDR	Lifesteal	Atk Spd
1	3200	161	70	20	54	0 	0 	0 	0.00 
2	3264	165	74	21	57	0 	0 	0 	0.00 
3	3341	170	79	23	61	0 	0 	0 	0.00 
4	3434	175	85	25	65	0 	0 	0 	0.00 
5	3771	199	106	32	81	15 	0 	5 	0.00 
6	3905	208	114	35	87	15 	0 	5 	0.00 
7	4066	219	124	38	95	15 	0 	5 	0.00 
8	4259	232	136	42	104	15 	0 	5 	0.00 
9	4941	278	178	56	137	30 	0 	10 	0.00 
10	5219	297	195	62	150	30 	0 	10 	0.00 
11	5553	319	216	69	166	30 	0 	10 	0.00 
12	5953	346	241	77	185	30 	0 	10 	0.00 
13	6433	378	271	87	208	30 	0 	15 	0.00 
14	7009	417	307	99	236	30 	0 	15 	0.00 
15	7700	463	350	114	269	30 	0 	15 	0.00 