Level	HP	Atk	Def	SpA	SpD	Crit Rate	CDR	Lifesteal	Atk Spd
1	3000	135	50	20	30	0 	0 	0 	10.00 
2	3034	140	53	21	32	0 	0 	0 	11.87 
3	3075	145	56	23	34	0 	0 	0 	14.11 
4	3125	151	60	25	36	0 	0 	0 	16.8 
5	3304	174	75	32	45	15 	0 	5 	26.53 
6	3376	183	81	35	49	15 	0 	5 	30.4 
7	3702	221	108	49	65	15 	0 	5 	48.04 
8	3805	233	117	53	70	15 	0 	5 	53.61 
9	3929	247	127	58	76	30 	0 	10 	60.3 
10	4077	264	139	64	83	30 	0 	10 	68.33 
11	4225	284	154	71	92	30 	0 	10 	77.96 
12	4468	309	172	80	103	30 	0 	10 	89.52 
13	4724	339	193	91	116	30 	0 	15 	103.39 
14	5031	375	219	104	131	30 	0 	15 	120.03 
15	5400	418	250	119	149	30 	0 	15 	140.00 