Level	HP	Atk	Def	SpA	SpD	Crit Rate	CDR	Lifesteal	Atk Spd
1	3300	130	40	40	30	0 	0 	0 	10.00 
2	3404	134	44	54	33	0 	0 	0 	10.22 
3	3524	138	48	70	36	0 	0 	0 	10.47 
4	4132	160	69	152	52	0 	0 	0 	11.76 
5	4291	166	74	173	56	0 	5 	0 	12.1 
6	4473	173	80	198	61	0 	5 	0 	12.49 
7	4683	181	87	226	66	0 	5 	0 	12.94 
8	4924	190	95	258	72	0 	5 	0 	13.45 
9	5202	200	104	295	79	0 	10 	0 	14.04 
10	5521	211	115	338	87	0 	10 	0 	14.72 
11	5889	224	128	387	96	0 	10 	0 	15.5 
12	6312	239	142	444	107	0 	10 	0 	16.4 
13	6798	257	159	509	119	0 	10 	0 	17.44 
14	7357	277	178	584	133	0 	10 	0 	18.63 
15	8000	300	200	670	150	0 	10 	0 	20.00 