Level	HP	Atk	Def	SpA	SpD	Crit Rate	CDR	Lifesteal	Atk Spd
1	3292	134	60	50	40	0 	0 	0 	10.00 
2	3399	139	69	75	46	0 	0 	0 	11.42 
3	3517	145	78	102	52	0 	0 	0 	12.99 
4	3647	151	88	132	59	0 	0 	0 	14.71 
5	3789	158	99	165	67	0 	5 	0 	16.6 
6	3946	166	112	201	75	0 	5 	0 	18.68 
7	4118	175	126	240	84	0 	5 	0 	20.97 
8	4308	185	141	283	94	0 	5 	0 	23.49 
9	4517	196	158	331	105	0 	15 	0 	26.27 
10	4748	208	176	384	117	0 	15 	0 	29.34 
11	5002	221	196	442	131	0 	15 	0 	32.72 
12	5281	235	218	506	146	0 	15 	0 	36.44 
13	5589	250	243	576	162	0 	25 	0 	40.53 
14	5928	267	270	654	180	0 	25 	0 	45.03 
15	6301	286	300	739	200	0 	25 	0 	49.99 
