Level	HP	Atk	Def	SpA	SpD	Crit Rate	CDR	Lifesteal	Atk Spd
1	3300	175	97	20	67	0 	0 	0 	10.00 
2	3447	179	108	22	74	0 	0 	0 	10.44 
3	3615	183	120	24	82	0 	0 	0 	10.96 
4	4469	205	182	36	125	0 	0 	0 	13.54 
5	4692	211	198	39	136	0 	5 	0 	14.22 
6	4948	218	217	43	149	0 	5 	0 	15.00 
7	5242	226	239	47	164	0 	5 	0 	15.89 
8	5581	235	264	52	181	0 	5 	0 	16.92 
9	5971	245	293	58	201	0 	10 	0 	18.1 
10	6420	256	326	65	224	0 	10 	0 	19.46 
11	6936	269	364	73	250	0 	10 	0 	21.02 
12	7530	284	407	82	280	0 	10 	0 	22.82 
13	8213	301	457	92	314	0 	10 	0 	24.89 
14	8998	321	514	103	354	0 	10 	0 	27.27 
15	9900	344	580	116	400	0 	10 	0 	30.00 