Level	HP	Atk	Def	SpA	SpD	Crit Rate	CDR	Lifesteal	Atk Spd
1	3000	125	50	20	30	0 	0 	0 	10.00 
2	3031	130	53	22	32	0 	0 	0 	11.57 
3	3068	136	56	24	34	0 	0 	0 	13.46 
4	3112	143	60	27	36	0 	0 	0 	15.73 
5	3273	167	75	37	45	15 	0 	5 	23.96 
6	3337	177	81	41	49	15 	0 	5 	27.24 
7	3629	221	108	58	65	15 	0 	10 	42.17 
8	3721	235	117	64	70	15 	0 	10 	46.89 
9	3832	252	127	71	76	30 	0 	15 	52.55 
10	3965	272	139	79	83	30 	0 	15 	59.34 
11	4125	296	154	89	92	30 	0 	20 	67.5 
12	4316	325	172	100	103	30 	0 	20 	77.28 
13	4546	359	193	114	116	30 	0 	25 	89.02 
14	4821	400	219	130	131	30 	0 	25 	103.1 
15	5152	450	250	150	150	30 	0 	25 	120.00 
