Level	HP	Atk	Def	SpA	SpD	Crit Rate	CDR	Lifesteal	Atk Spd
1	3300	134	35	80	27	0 	0 	0 	10.00 
2	3343	136	37	92	29	0 	0 	0 	10.21 
3	3394	139	39	107	31	0 	0 	0 	10.47 
4	3605	150	49	168	39	0 	0 	0 	11.53 
5	3679	154	52	190	42	0 	5 	0 	11.9 
6	4067	174	70	303	56	0 	5 	0 	13.85 
7	4174	180	75	334	60	0 	5 	0 	14.39 
8	4302	187	81	371	65	0 	5 	0 	15.03 
9	4456	195	88	416	71	0 	15 	0 	15.8 
10	4641	205	97	470	78	0 	15 	0 	16.73 
11	4863	217	107	535	86	0 	15 	0 	17.84 
12	5129	231	119	612	96	0 	15 	0 	19.17 
13	5448	248	134	705	108	0 	25 	0 	20.77 
14	5831	268	152	816	122	0 	25 	0 	22.69 
15	6290	292	174	950	139	0 	25 	0 	24.99 
