Level	HP	Atk	Def	SpA	SpD	Crit Rate	CDR	Lifesteal	Atk Spd
1	3050	150	45	20	35	0 	0 	0 	10.00 
2	3122	161	51	22	39	0 	0 	0 	10.44 
3	3205	173	57	24	43	0 	0 	0 	10.95 
4	3300	187	64	26	48	0 	0 	0 	11.54 
5	3735	251	98	40	70	5 	0 	0 	14.22 
6	3861	269	108	44	76	5 	0 	0 	15.00 
7	4006	290	119	48	83	5 	0 	0 	15.89 
8	4173	314	132	53	91	5 	0 	0 	16.92 
9	4365	342	147	59	101	10 	0 	0 	18.1 
10	4586	374	164	66	112	10 	0 	0 	19.46 
11	4840	411	184	74	125	10 	0 	0 	21.02 
12	5133	454	207	83	140	10 	0 	0 	22.82 
13	5469	503	233	93	157	10 	0 	0 	24.89 
14	5856	560	263	105	177	10 	0 	0 	27.27 
15	6300	625	298	117	200	10 	0 	0 	30.00 
