Level	HP	Atk	Def	SpA	SpD	Crit Rate	CDR	Lifesteal	Atk Spd
1	3050	150	78	20	60	0 	0 	0 	10.00 
2	3117	155	83	21	64	0 	0 	0 	10.29 
3	3198	161	89	23	68	0 	0 	0 	10.63 
4	3295	169	96	25	73	0 	0 	0 	11.04 
5	3647	197	121	32	92	10 	0 	5 	12.54 
6	3787	208	131	35	100	10 	0 	5 	13.14 
7	3955	221	143	38	109	10 	0 	5 	13.86 
8	4627	274	191	52	146	10 	0 	5 	16.72 
9	4869	293	208	57	158	20 	0 	10 	17.75 
10	5159	316	229	63	174	20 	0 	10 	18.98 
11	5507	343	254	70	193	20 	0 	10 	20.46 
12	5925	376	284	78	216	20 	0 	10 	22.24 
13	6426	416	320	88	243	20 	0 	15 	24.37 
14	7028	463	363	100	276	20 	0 	15 	26.93 
15	7750	520	415	115	315	20 	0 	15 	30.00 