Level	HP	Atk	Def	SpA	SpD	Crit Rate	CDR	Lifesteal	Atk Spd
1	3000	135	70	20	50	0 	0 	0 	10.00 
2	3085	148	78	24	55	0 	0 	0 	14.39 
3	3179	162	87	28	61	0 	0 	0 	19.22 
4	3282	178	97	32	67	0 	0 	0 	24.53 
5	3395	195	108	37	74	10 	0 	5 	30.38 
6	3520	214	120	42	82	10 	0 	5 	36.81 
7	3657	235	133	48	91	10 	0 	10 	43.88 
8	3808	258	148	54	100	10 	0 	10 	51.66 
9	3975	284	164	61	110	20 	0 	15 	60.22 
10	4159	312	182	69	122	20 	0 	15 	69.64 
11	4362	343	201	77	135	20 	0 	20 	80.00 
12	4585	377	222	86	149	20 	0 	20 	80.00 
13	4830	414	246	96	164	20 	0 	25 	80.00 
14	5100	455	272	107	181	20 	0 	25 	80.00 
15	5397	500	301	119	200	20 	0 	25 	80.00 