Level	HP	Atk	Def	SpA	SpD	Crit Rate	CDR	Lifesteal	Atk Spd
1	3278	130	40	40	30	0 	0 	0 	10.00 
2	3383	134	44	54	33	0 	0 	0 	10.22 
3	3503	139	48	70	36	0 	0 	0 	10.47 
4	4114	162	69	152	52	0 	0 	0 	11.76 
5	4274	168	74	173	56	0 	5 	0 	12.1 
6	4457	175	80	198	61	0 	5 	0 	12.49 
7	4668	183	87	226	66	0 	5 	0 	12.94 
8	4911	192	95	258	72	0 	5 	0 	13.45 
9	5190	203	104	295	79	0 	10 	0 	14.04 
10	5511	215	115	338	87	0 	10 	0 	14.72 
11	5880	229	128	387	96	0 	10 	0 	15.5 
12	6305	245	142	444	107	0 	10 	0 	16.4 
13	6794	264	159	509	119	0 	10 	0 	17.43 
14	7356	285	178	584	133	0 	10 	0 	18.62 
15	8002	310	200	670	149	0 	10 	0 	19.99 