Level	HP	Atk	Def	SpA	SpD	Crit Rate	CDR	Lifesteal	Atk Spd
1	3200	134	35	50	27	0 	0 	0 	10.00 
2	3269	137	38	71	29	0 	0 	0 	10.00 
3	3349	141	42	95	32	0 	0 	0 	10.00 
4	3753	161	60	218	46	0 	0 	0 	10.00 
5	3858	166	65	250	50	0 	5 	0 	10.00 
6	3979	172	70	287	54	0 	5 	0 	10.00 
7	4118	179	76	329	59	0 	5 	0 	10.00 
8	4278	187	83	378	65	0 	5 	0 	10.00 
9	4462	196	91	434	71	0 	15 	0 	10.00 
10	4674	207	101	499	78	0 	15 	0 	10.00 
11	4918	219	112	573	86	0 	15 	0 	10.00 
12	5199	233	125	658	96	0 	15 	0 	10.00 
13	5522	249	139	756	107	0 	25 	0 	10.00 
14	5893	268	156	869	120	0 	25 	0 	10.00 
15	6320	289	175	999	135	0 	25 	0 	10.00 
