Level	HP	Atk	Def	SpA	SpD	Crit Rate	CDR	Lifesteal	Atk Spd
1	3050	165	90	20	67	0 	0 	0 	25.00 
2	3117	170	95	21	71	0 	0 	0 	25.64 
3	3198	176	102	23	76	0 	0 	0 	26.41 
4	3295	183	110	25	82	0 	0 	0 	27.34 
5	3647	209	138	32	104	10 	0 	5 	30.71 
6	3787	219	149	35	113	10 	0 	5 	32.05 
7	3955	232	163	38	124	10 	0 	5 	33.66 
8	4157	247	179	42	137	10 	0 	5 	35.59 
9	4869	300	237	56	183	20 	0 	10 	42.41 
10	5159	322	261	62	202	20 	0 	10 	45.19 
11	5507	348	289	69	224	20 	0 	10 	48.53 
12	5925	379	323	77	251	20 	0 	10 	52.53 
13	6426	417	364	87	283	20 	0 	15 	57.33 
14	7028	462	413	99	321	20 	0 	15 	63.09 
15	7750	516	472	114	367	20 	0 	15 	70.00 
