Level	HP	Atk	Def	SpA	SpD	Crit Rate	CDR	Lifesteal	Atk Spd
1	3200	134	35	50	27	0 	0 	0 	10.00 
2	3245	136	37	64	29	0 	0 	0 	10.00 
3	3299	139	39	80	31	0 	0 	0 	10.00 
4	3363	142	42	100	33	0 	0 	0 	10.00 
5	3596	154	52	171	41	0 	5 	0 	10.00 
6	3689	159	56	199	44	0 	5 	0 	10.00 
7	3801	165	61	233	48	0 	5 	0 	10.00 
8	4247	187	81	369	64	0 	5 	0 	10.00 
9	4408	195	88	418	70	0 	15 	0 	10.00 
10	4601	205	97	477	77	0 	15 	0 	10.00 
11	4832	216	107	547	85	0 	15 	0 	10.00 
12	5109	230	119	632	95	0 	15 	0 	10.00 
13	5442	247	134	733	107	0 	25 	0 	10.00 
14	5841	267	152	855	121	0 	25 	0 	10.00 
15	6320	291	174	1001	138	0 	25 	0 	10.00 
