Level	HP	Atk	Def	SpA	SpD	Crit Rate	CDR	Lifesteal	Atk Spd
1	3456	167	52	80	38	0 	0 	0 	10.00 
2	3510	170	55	88	40	0 	0 	0 	10.43 
3	3574	173	59	98	43	0 	0 	0 	10.94 
4	3651	177	63	110	46	0 	0 	0 	11.56 
5	3931	192	79	153	57	0 	5 	0 	13.8 
6	4043	198	85	170	62	0 	5 	0 	14.69 
7	4177	205	92	191	67	0 	5 	0 	15.76 
8	4338	213	101	216	74	0 	5 	0 	17.05 
9	4905	243	133	304	97	0 	15 	0 	21.59 
10	5136	255	146	340	106	0 	15 	0 	23.44 
11	5414	270	161	383	117	0 	15 	0 	25.66 
12	5747	288	179	435	131	0 	15 	0 	28.33 
13	6146	309	201	497	147	0 	25 	0 	31.53 
14	6625	334	228	571	166	0 	25 	0 	35.37 
15	7200	364	260	660	189	0 	25 	0 	39.98 
