Level	HP	Atk	Def	SpA	SpD	Crit Rate	CDR	Lifesteal	Atk Spd
1	3200	20	35	100	25	0 	0 	0 	10.00 
2	3270	22	38	117	27	0 	0 	0 	12.00 
3	3350	24	42	137	30	0 	0 	0 	14.29 
4	3758	36	60	238	44	0 	0 	0 	25.93 
5	3864	39	65	264	48	10 	5 	0 	28.97 
6	3986	43	70	294	52	10 	5 	0 	32.46 
7	4127	47	76	329	57	10 	5 	0 	36.47 
8	4289	52	83	369	63	10 	5 	0 	41.09 
9	4475	58	91	415	69	20 	5 	0 	46.41 
10	4689	65	101	468	76	20 	5 	0 	52.53 
11	4935	73	112	529	85	20 	10 	0 	59.57 
12	5218	82	125	599	95	20 	10 	0 	67.67 
13	5544	92	139	680	106	20 	10 	0 	76.99 
14	5919	103	156	773	119	20 	10 	0 	87.7 
15	6350	116	175	880	134	20 	10 	0 	100.00 
