Level	HP	Atk	Def	SpA	SpD	Crit Rate	CDR	Lifesteal	Atk Spd
1	3000	170	75	20	60	0 	0 	0 	10.00 
2	3135	174	83	22	67	0 	0 	0 	10.44 
3	3290	178	92	24	75	0 	0 	0 	10.95 
4	3469	183	103	27	84	0 	0 	0 	11.54 
5	4285	206	151	40	124	0 	5 	0 	14.22 
6	4522	213	165	44	136	0 	5 	0 	15.00 
7	4794	221	181	48	149	0 	5 	0 	15.89 
8	5107	230	199	53	164	0 	5 	0 	16.92 
9	5467	240	220	59	182	0 	10 	0 	18.1 
10	5882	252	244	66	202	0 	10 	0 	19.46 
11	6359	266	272	74	225	0 	10 	0 	21.02 
12	6908	282	304	83	252	0 	10 	0 	22.82 
13	7539	300	341	93	283	0 	10 	0 	24.89 
14	8265	321	384	104	319	0 	10 	0 	27.27 
15	9099	345	433	117	360	0 	10 	0 	30.00 
