Level	HP	Atk	Def	SpA	SpD	Crit Rate	CDR	Lifesteal	Atk Spd
1	3000	146	50	20	30	0 	0 	0 	10.00 
2	3031	151	53	21	32	0 	0 	0 	11.57 
3	3068	156	56	23	34	0 	0 	0 	13.46 
4	3112	162	60	25	36	0 	0 	0 	15.73 
5	3273	186	75	32	45	15 	0 	5 	23.96 
6	3337	195	81	35	49	15 	0 	5 	27.24 
7	3629	238	108	49	65	15 	0 	5 	42.17 
8	3721	252	117	53	70	15 	0 	5 	46.89 
9	3832	268	127	58	76	30 	0 	10 	52.55 
10	3965	287	139	64	83	30 	0 	10 	59.34 
11	4125	310	154	71	92	30 	0 	10 	67.5 
12	4316	338	172	80	103	30 	0 	10 	77.28 
13	4546	372	193	91	116	30 	0 	15 	89.02 
14	4821	412	219	104	131	30 	0 	15 	103.1 
15	5152	460	250	119	149	30 	0 	15 	120.00 
