Level	HP	Atk	Def	SpA	SpD	Crit Rate	CDR	Lifesteal	Atk Spd
1	3278	130	72	40	50	0 	0 	0 	10.00 
2	3443	136	80	61	55	0 	0 	0 	11.07 
3	3624	143	89	84	61	0 	0 	0 	12.24 
4	3823	151	99	109	67	0 	0 	0 	13.53 
5	4041	160	110	136	74	0 	5 	0 	14.95 
6	4282	169	122	166	82	0 	5 	0 	16.51 
7	4547	179	135	199	91	0 	5 	0 	18.23 
8	4839	190	149	236	100	0 	5 	0 	20.12 
9	5161	203	165	276	110	0 	10 	0 	22.21 
10	5516	217	182	320	122	0 	10 	0 	24.51 
11	5906	232	201	369	135	0 	10 	0 	27.04 
12	6335	249	222	423	149	0 	10 	0 	29.83 
13	6808	267	245	482	164	0 	10 	0 	32.9 
14	7329	287	271	547	181	0 	10 	0 	36.28 
15	7902	309	299	619	200	0 	10 	0 	40.00 