Level	HP	Atk	Def	SpA	SpD	Crit Rate	CDR	Lifesteal	Atk Spd
1	3250	160	78	20	60	0 	0 	0 	10.00 
2	3392	170	89	23	69	0 	0 	0 	11.07 
3	3549	180	101	27	78	0 	0 	0 	12.24 
4	3721	192	114	31	88	0 	0 	0 	13.53 
5	3910	205	129	36	99	10 	0 	5 	14.95 
6	4118	219	145	41	112	10 	0 	5 	16.51 
7	4347	234	163	46	126	10 	0 	5 	18.23 
8	4599	251	183	52	141	10 	0 	5 	20.12 
9	4877	270	205	59	158	20 	0 	10 	22.21 
10	5184	291	229	66	176	20 	0 	10 	24.51 
11	5522	314	255	74	196	20 	0 	10 	27.04 
12	5894	339	284	83	218	20 	0 	10 	29.83 
13	6303	366	316	93	243	20 	0 	15 	32.9 
14	6753	396	351	104	270	20 	0 	15 	36.28 
15	7249	429	390	116	300	20 	0 	15 	40.00 