Level	HP	Atk	Def	SpA	SpD	Crit Rate	CDR	Lifesteal	Atk Spd
1	3250	165	98	20	64	0 	0 	0 	10.00 
2	3313	170	104	21	68	0 	0 	0 	10.29 
3	3389	175	111	23	72	0 	0 	0 	10.63 
4	3480	181	119	25	77	0 	0 	0 	11.04 
5	3809	205	148	32	96	10 	0 	5 	12.54 
6	3940	214	160	35	104	10 	0 	5 	13.14 
7	4097	225	174	38	113	10 	0 	10 	13.86 
8	4286	239	191	42	124	10 	0 	10 	14.72 
9	4953	287	250	56	163	20 	0 	15 	17.75 
10	5225	306	274	62	179	20 	0 	15 	18.98 
11	5551	329	303	69	198	20 	0 	15 	20.46 
12	5942	357	338	77	221	20 	0 	15 	22.24 
13	6411	391	380	87	248	20 	0 	20 	24.37 
14	6974	431	430	99	281	20 	0 	20 	26.93 
15	7650	479	490	114	320	20 	0 	20 	30.00 
