Level	HP	Atk	Def	SpA	SpD	Crit Rate	CDR	Lifesteal	Atk Spd
1	3280	170	85	20	65	0 	0 	0 	10.00 
2	3371	172	91	21	70	0 	0 	0 	10.29 
3	3480	175	98	23	75	0 	0 	0 	10.63 
4	3611	178	107	25	81	0 	0 	0 	11.04 
5	4087	190	139	32	105	0 	5 	0 	12.54 
6	4277	195	152	35	114	0 	5 	0 	13.14 
7	4505	201	167	38	125	0 	5 	0 	13.86 
8	4778	208	185	42	139	0 	5 	0 	14.72 
9	5743	231	249	57	187	0 	10 	0 	17.75 
10	6136	240	275	63	206	0 	10 	0 	18.98 
11	6608	251	307	70	229	0 	10 	0 	20.46 
12	7174	265	345	79	257	0 	10 	0 	22.24 
13	7854	281	390	89	291	0 	10 	0 	24.37 
14	8669	301	445	101	331	0 	10 	0 	26.93 
15	9648	325	510	116	379	0 	10 	0 	30.00 
