Level	HP	Atk	Def	SpA	SpD	Crit Rate	CDR	Lifesteal	Atk Spd
1	3300	130	50	100	50	0 	0 	0 	10.00 
2	3414	136	56	132	55	0 	0 	0 	10.36 
3	3539	143	63	167	60	0 	0 	0 	10.75 
4	3677	150	71	205	66	0 	0 	0 	11.18 
5	3828	158	80	247	72	0 	5 	0 	11.65 
6	3995	167	89	293	79	0 	5 	0 	12.17 
7	4178	177	99	344	86	0 	5 	0 	12.74 
8	4380	188	110	400	94	0 	5 	0 	13.37 
9	4603	200	123	462	103	0 	15 	0 	14.07 
10	4849	213	137	530	113	0 	15 	0 	14.84 
11	5119	227	152	605	124	0 	15 	0 	15.68 
12	5416	243	169	688	136	0 	15 	0 	16.61 
13	5743	260	188	779	149	0 	25 	0 	17.63 
14	6103	279	208	879	164	0 	25 	0 	18.76 
15	6500	300	230	990	180	0 	25 	0 	20.00 
