Level	HP	Atk	Def	SpA	SpD	Crit Rate	CDR	Lifesteal	Atk Spd
1	3197	134	35	51	27	0 	0 	0 	10.00 
2	3266	137	38	72	29	0 	0 	0 	10.44 
3	3345	141	42	96	32	0 	0 	0 	10.95 
4	3747	161	60	219	46	0 	5 	0 	13.54 
5	3852	166	65	251	50	0 	5 	0 	14.22 
6	3972	172	70	288	54	0 	5 	0 	15.00 
7	4110	179	76	330	59	0 	5 	0 	15.89 
8	4269	187	83	379	65	0 	5 	0 	16.92 
9	4452	196	91	435	71	0 	15 	0 	18.1 
10	4663	207	101	500	78	0 	15 	0 	19.46 
11	4906	219	112	574	86	0 	15 	0 	21.02 
12	5185	233	125	660	96	0 	15 	0 	22.82 
13	5506	249	139	759	107	0 	25 	0 	24.89 
14	5875	268	156	872	120	0 	25 	0 	27.27 
15	6299	289	175	1002	135	0 	25 	0 	30.00 
