Level	HP	Atk	Def	SpA	SpD	Crit Rate	CDR	Lifesteal	Atk Spd
1	3292	134	35	50	27	0 	0 	0 	10.00 
2	3399	140	40	82	31	0 	0 	0 	10.00 
3	3517	146	45	117	35	0 	0 	0 	10.00 
4	3646	153	51	156	40	0 	0 	0 	10.00 
5	3788	160	58	199	45	0 	5 	0 	10.00 
6	3945	168	65	246	51	0 	5 	0 	10.00 
7	4117	177	73	298	57	0 	5 	0 	10.00 
8	4307	187	82	355	64	0 	5 	0 	10.00 
9	4516	198	92	418	72	0 	15 	0 	10.00 
10	4747	210	103	487	80	0 	15 	0 	10.00 
11	5001	223	115	563	89	0 	15 	0 	10.00 
12	5280	237	128	647	99	0 	15 	0 	10.00 
13	5588	253	142	740	110	0 	25 	0 	10.00 
14	5927	271	158	842	122	0 	25 	0 	10.00 
15	6300	290	175	954	135	0 	25 	0 	10.00 