Level	HP	Atk	Def	SpA	SpD	Crit Rate	CDR	Lifesteal	Atk Spd
1	3050	160	45	20	35	0 	0 	0 	10.00 
2	3122	170	51	22	39	0 	0 	0 	10.44 
3	3205	182	57	24	43	0 	0 	0 	10.95 
4	3300	196	64	27	48	0 	0 	0 	11.54 
5	4154	224	143	40	118	10 	0 	5 	14.22 
6	4348	236	161	44	132	10 	0 	5 	15.00 
7	4571	249	182	48	149	10 	0 	5 	15.89 
8	4828	264	206	53	168	10 	0 	5 	16.92 
9	5123	282	233	59	190	20 	0 	10 	18.1 
10	5463	302	265	65	215	20 	0 	10 	19.46 
11	5854	325	301	72	244	20 	0 	10 	21.02 
12	6304	352	343	81	277	20 	0 	10 	22.82 
13	6821	383	391	91	315	20 	0 	15 	24.89 
14	7416	419	446	102	359	20 	0 	15 	27.27 
15	8100	460	510	115	410	20 	0 	15 	30.00 