Level	HP	Atk	Def	SpA	SpD	Crit Rate	CDR	Lifesteal	Atk Spd
1	3050	160	45	20	35	0 	0 	0 	10.00 
2	3122	170	51	22	39	0 	0 	0 	10.44 
3	3205	182	57	24	43	0 	0 	0 	10.95 
4	3300	196	64	27	48	0 	0 	0 	11.54 
5	3735	259	98	40	70	5 	10 	0 	14.22 
6	3861	277	108	44	76	5 	10 	0 	15.00 
7	4006	298	119	48	83	5 	10 	0 	15.89 
8	4173	322	132	53	91	5 	10 	0 	16.92 
9	4365	350	147	59	101	10 	20 	0 	18.1 
10	4586	382	164	65	112	10 	20 	0 	19.46 
11	4840	419	184	72	125	10 	20 	0 	21.02 
12	5133	461	207	81	140	10 	20 	0 	22.82 
13	5469	510	233	91	157	10 	20 	0 	24.89 
14	5856	566	263	102	177	10 	20 	0 	27.27 
15	6300	630	298	115	200	10 	20 	0 	30.00 
