Level	HP	Atk	Def	SpA	SpD	Crit Rate	CDR	Lifesteal	Atk Spd
1	3225	150	70	50	60	0 	0 	0 	10.00 
2	3362	153	78	58	67	0 	0 	0 	10.44 
3	3519	157	87	67	75	0 	0 	0 	10.95 
4	4318	175	132	114	114	0 	5 	0 	13.54 
5	4527	180	144	126	124	0 	5 	0 	14.22 
6	4767	186	158	140	136	0 	5 	0 	15.00 
7	5042	192	174	156	149	0 	5 	0 	15.89 
8	5359	199	192	175	164	0 	5 	0 	16.92 
9	5724	207	213	196	182	0 	10 	0 	18.1 
10	6144	217	237	221	202	0 	10 	0 	19.46 
11	6627	228	264	249	225	0 	10 	0 	21.02 
12	7183	241	295	282	252	0 	10 	0 	22.82 
13	7822	256	331	319	283	0 	10 	0 	24.89 
14	8556	273	373	362	319	0 	10 	0 	27.27 
15	9400	292	421	411	360	0 	10 	0 	30.00 