Level	HP	Atk	Def	SpA	SpD	Crit Rate	CDR	Lifesteal	Atk Spd
1	3300	175	97	20	70	0 	0 	0 	10.00 
2	3535	181	114	23	83	0 	0 	0 	11.07 
3	3793	188	133	27	98	0 	0 	0 	12.24 
4	4077	195	154	31	114	0 	0 	0 	13.53 
5	4389	203	177	36	132	0 	0 	0 	14.95 
6	4733	212	202	41	151	0 	5 	0 	16.51 
7	5111	222	230	46	172	0 	5 	0 	18.23 
8	5528	233	260	52	195	0 	5 	0 	20.12 
9	5987	245	294	59	221	0 	5 	0 	22.21 
10	6493	258	331	66	249	0 	10 	0 	24.51 
11	7050	272	372	74	280	0 	10 	0 	27.04 
12	7663	288	417	83	314	0 	10 	0 	29.83 
13	8338	305	466	93	352	0 	10 	0 	32.9 
14	9081	324	520	104	394	0 	10 	0 	36.28 
15	9899	345	580	116	440	0 	10 	0 	40.00 