Level	HP	Atk	Def	SpA	SpD	Crit Rate	CDR	Lifesteal	Atk Spd
1	3406	167	52	50	38	0 	0 	0 	10.00 
2	3489	171	57	64	41	0 	0 	0 	10.67 
3	3584	176	62	80	45	0 	0 	0 	11.43 
4	4068	201	89	162	65	0 	0 	0 	15.31 
5	4195	208	96	183	70	0 	5 	0 	16.32 
6	4340	216	104	207	76	0 	5 	0 	17.48 
7	4507	225	113	235	83	0 	5 	0 	18.82 
8	4699	235	124	267	91	0 	5 	0 	20.36 
9	4920	247	136	304	100	0 	10 	0 	22.13 
10	5174	260	150	347	110	0 	10 	0 	23.17 
11	5467	275	166	396	122	0 	10 	0 	26.52 
12	5804	293	185	453	136	0 	10 	0 	29.22 
13	6191	313	207	518	152	0 	10 	0 	32.32 
14	6636	336	232	593	170	0 	10 	0 	35.89 
15	7148	363	260	679	191	0 	10 	0 	39.99 
