Level	HP	Atk	Def	SpA	SpD	Crit Rate	CDR	Lifesteal	Atk Spd
1	3024	200	58	20	40	0 	0 	0 	10.00 
2	3071	207	61	21	42	0 	0 	0 	10.43 
3	3127	215	65	23	45	0 	0 	0 	10.94 
4	3195	225	70	25	48	0 	0 	0 	11.56 
5	3440	261	87	32	60	5 	10 	0 	13.8 
6	3538	275	94	35	65	5 	10 	0 	14.69 
7	3983	340	125	48	87	5 	10 	0 	18.76 
8	4124	361	135	52	94	5 	10 	0 	20.05 
9	4293	386	147	57	102	10 	20 	0 	21.59 
10	4495	416	161	63	112	10 	20 	0 	23.44 
11	4738	452	178	70	124	10 	20 	0 	25.66 
12	5029	495	199	79	138	10 	20 	0 	28.33 
13	5378	546	224	89	155	10 	20 	0 	31.53 
14	5797	607	254	102	175	10 	20 	0 	35.37 
15	6300	681	290	117	200	10 	20 	0 	39.98 
