Level	HP	Atk	Def	SpA	SpD	Crit Rate	CDR	Lifesteal	Atk Spd
1	3250	175	100	20	70	0 	0 	0 	10.00 
2	3391	178	109	22	78	0 	0 	0 	10.44 
3	3553	182	120	24	87	0 	0 	0 	10.95 
4	3739	187	132	27	97	0 	0 	0 	11.54 
5	4589	208	188	40	144	0 	5 	0 	14.22 
6	4835	214	204	44	158	0 	5 	0 	15.00 
7	5118	221	223	48	174	0 	5 	0 	15.89 
8	5444	229	245	53	192	0 	5 	0 	16.92 
9	5819	238	270	59	213	0 	10 	0 	18.1 
10	6251	249	299	66	237	0 	10 	0 	19.46 
11	6748	261	332	74	264	0 	10 	0 	21.02 
12	7319	275	370	83	295	0 	10 	0 	22.82 
13	7976	291	413	93	331	0 	10 	0 	24.89 
14	8731	309	463	104	373	0 	10 	0 	27.27 
15	9599	330	520	117	421	0 	10 	0 	30.00 