Level	HP	Atk	Def	SpA	SpD	Crit Rate	CDR	Lifesteal	Atk Spd
1	3100	155	80	20	65	0 	0 	0 	10.00 
2	3160	159	85	21	69	0 	0 	0 	10.57 
3	3232	164	90	23	73	0 	0 	0 	11.26 
4	3529	185	113	30	91	0 	0 	0 	14.08 
5	3633	193	121	32	97	10 	0 	5 	15.07 
6	4178	233	163	44	131	10 	0 	5 	20.26 
7	4328	244	174	48	140	10 	0 	10 	21.69 
8	4508	257	188	52	151	10 	0 	10 	23.41 
9	4724	273	204	57	164	20 	0 	15 	25.47 
10	4983	292	224	63	180	20 	0 	15 	27.94 
11	5294	315	248	70	199	20 	0 	15 	30.91 
12	5667	342	276	78	222	20 	0 	15 	34.47 
13	6115	374	310	88	250	20 	0 	20 	38.74 
14	6653	413	351	100	283	20 	0 	20 	43.86 
15	7298	460	400	114	323	20 	0 	20 	50.01 
