Level	HP	Atk	Def	SpA	SpD	Crit Rate	CDR	Lifesteal	Atk Spd
1	3150	150	90	20	70	0 	0 	0 	10.00 
2	3224	155	96	21	74	0 	0 	0 	10.29 
3	3313	161	103	23	79	0 	0 	0 	10.63 
4	3420	168	111	25	85	0 	0 	0 	11.04 
5	3809	193	142	32	108	10 	0 	5 	12.4 
6	3964	203	154	35	117	10 	0 	5 	13.00 
7	4150	215	169	38	128	10 	0 	5 	13.72 
8	4373	229	187	42	141	10 	0 	5 	14.58 
9	5161	279	249	56	187	20 	0 	10 	17.61 
10	5482	300	274	62	206	20 	0 	10 	18.84 
11	5868	325	304	69	229	20 	0 	10 	20.32 
12	6330	355	340	77	256	20 	0 	10 	22.1 
13	6885	391	384	87	289	20 	0 	15 	24.23 
14	7551	434	437	99	328	20 	0 	15 	26.79 
15	8350	485	500	114	375	20 	0 	15 	30.00 
