Level	HP	Atk	Def	SpA	SpD	Crit Rate	CDR	Lifesteal	Atk Spd
1	3300	134	45	50	35	0 	0 	0 	10.00 
2	3346	136	48	63	37	0 	0 	0 	10.14 
3	3401	139	51	79	39	0 	0 	0 	10.31 
4	3467	142	55	98	42	0 	0 	0 	10.52 
5	3706	154	69	166	52	0 	5 	0 	11.27 
6	3801	159	74	193	56	0 	5 	0 	11.57 
7	3915	165	80	226	61	0 	5 	0 	11.93 
8	4052	172	88	265	67	0 	5 	0 	12.36 
9	4537	196	115	403	88	0 	15 	0 	13.87 
10	4735	206	126	459	96	0 	15 	0 	14.49 
11	4972	218	139	527	106	0 	15 	0 	15.23 
12	5257	232	155	608	118	0 	15 	0 	16.12 
13	5598	249	174	705	132	0 	25 	0 	17.19 
14	6008	269	197	822	149	0 	25 	0 	18.47 
15	6500	293	225	962	170	0 	25 	0 	20.21 