Level	HP	Atk	Def	SpA	SpD	Crit Rate	CDR	Lifesteal	Atk Spd
1	3278	130	90	40	80	0 	0 	0 	10.00 
2	3415	134	100	51	89	0 	0 	0 	10.22 
3	3573	139	111	64	99	0 	0 	0 	10.48 
4	4372	162	169	131	151	0 	0 	0 	11.77 
5	4581	168	184	148	165	0 	5 	0 	12.11 
6	4821	175	201	168	181	0 	5 	0 	12.5 
7	5097	183	221	191	199	0 	5 	0 	12.95 
8	5414	192	244	217	220	0 	5 	0 	13.46 
9	5779	203	271	247	244	0 	10 	0 	14.05 
10	6199	215	302	282	271	0 	10 	0 	14.73 
11	6681	229	337	322	302	0 	10 	0 	15.51 
12	7236	245	377	368	338	0 	10 	0 	16.41 
13	7874	264	424	421	379	0 	10 	0 	17.44 
14	8608	285	477	482	427	0 	10 	0 	18.63 
15	9452	310	539	552	482	0 	10 	0 	20.00 
