Level	HP	Atk	Def	SpA	SpD	Crit Rate	CDR	Lifesteal	Atk Spd
1	3002	159	60	20	40	0 	0 	0 	10.00 
2	3120	176	69	23	46	0 	0 	0 	10.71 
3	3250	195	78	27	52	0 	0 	0 	11.49 
4	3393	216	88	31	59	0 	0 	0 	12.35 
5	3550	239	99	36	67	5 	10 	0 	13.29 
6	3723	265	112	41	75	5 	10 	0 	14.33 
7	3913	293	126	47	84	5 	10 	0 	15.48 
8	4122	324	141	53	94	5 	10 	0 	16.74 
9	4353	358	158	60	105	10 	20 	0 	18.13 
10	4607	396	176	68	117	10 	20 	0 	19.66 
11	4887	437	196	76	131	10 	20 	0 	21.35 
12	5195	483	218	85	146	10 	20 	0 	23.21 
13	5534	533	243	98	162	10 	20 	0 	25.26 
14	5908	588	270	106	180	10 	20 	0 	27.51 
15	6319	649	300	118	200	10 	20 	0 	29.99 
