Level	HP	Atk	Def	SpA	SpD	Crit Rate	CDR	Lifesteal	Atk Spd
1	3030	160	55	20	45	0 	0 	0 	10.00 
2	3100	171	60	22	48	0 	0 	0 	10.44 
3	3181	184	65	25	51	0 	0 	0 	10.95 
4	3274	199	71	28	55	0 	0 	0 	11.54 
5	3698	267	99	41	73	5 	10 	0 	14.22 
6	3821	287	107	45	78	5 	10 	0 	15.00 
7	3962	310	116	49	84	5 	10 	0 	15.89 
8	4125	336	127	54	91	5 	10 	0 	16.92 
9	4312	366	139	60	99	10 	20 	0 	18.1 
10	4528	401	153	67	108	10 	20 	0 	19.46 
11	4776	441	169	75	119	10 	20 	0 	21.02 
12	5061	487	187	84	131	10 	20 	0 	22.82 
13	5389	540	208	94	145	10 	20 	0 	24.89 
14	5766	600	232	106	161	10 	20 	0 	27.27 
15	6200	670	260	120	180	10 	20 	0 	30.00 
